25
0 100 100
1 200 100
2 300 100
3 400 100
4 500 100
5 100 200
6 200 200
7 300 200
8 400 200
9 500 200
10 100 300
11 200 300
12 300 300
13 400 300
14 500 300
15 100 400
16 200 400
17 300 400
18 400 400
19 500 400
20 100 500
21 200 500
22 300 500
23 400 500
24 500 500
40
0 0 1
1 1 2
2 2 3
3 3 4
4 5 6
5 6 7
6 7 8
7 8 9
8 10 11
9 11 12
10 12 13
11 13 14
12 15 16
13 16 17
14 17 18
15 18 19
16 20 21
17 21 22
18 22 23
19 23 24
20 0 5
21 1 6
22 2 7
23 3 8
24 4 9
25 5 10
26 6 11
27 7 12
28 8 13
29 9 14
30 10 15
31 11 16
32 12 17
33 13 18
34 14 19
35 15 20
36 16 21
37 17 22
38 18 23
39 19 24